15536575
15441611
101488481
2173049
3779906
13166808
2751917
3361393
16881148
18157022
15368444
102240177
101935823
383398
18124081
16704041
17591667
582850
12087928
100464058
1504982
2911093
16474523
101957014
18488107
100915878
104869352
10097424
13816844
2780553
11868151
4556245
4437846
103852490
103569870
100746553
15983828
3723404
16545866
4806745
3734845
12575635
102951965
4568103
10577113
4172462
15702523
104800585
101341755
17882080
101423825
17978683
10194450
15918575
12667685
17166640
2599444
2412331
18373276
4609468
537880
14644260
4765014
100887479
100920752
100101898
101852226
18133292
100584811
16902762
101402060
15464455
12106484
3821001
102233184
101676517
18383131
103521067
16571077
1890019
16630511
104494332
2825817
13817845
4089168
102299968
2617752
18333269
10032127
11591120
102488299
10079906
16793086
17844534
938956
11106285
104130073
15050126
15589449
1083256
104926787
2487435
1760842
1187610
1175869
102220822
16675217
2356763
15280263
3937517
14513224
10227190
3890743
101725503
102002224
100383807
14102735
2476933
13748050
102163930
17896282
2858877
101898583
2932200
101272398
16615216
101592879
17771453
10768278
15676955
10286594
15925238
3234051
102152560
1814029
4779160
104365623
12466251
12872513
14388934
4027005
10045240
1773324
104382252
13027415
13820299
3436955
100484105
1511777
3009068
86539
4214435
15007246
2138778
4687001
10014379
14896899
101602965
1600632
100662580
3697202
14250240
4309321
2880715
12167880
14067142
12357180
104164267
14822953
16965631
4240707
4331112
12317324
13965431
102309396
2449473
13974491
4632941
3826235
2766277
102948263
2355349
10163454
15895267
13937697
12678043
15199566
12248276
104178147
2676513
17422661
1872945
3733063
11219096
101692755
1785944
4305716
16128569
2345119
4178391
103959779
10441663
757344
101283194
101415397
13086570
10566684
4144329
4645256
665520
11999206
4731192
12182349
102981735
104665242
14953373
17401958
102292340
13495577
3475699
4712363
14195243
1004698
2810669
18532813
101338307
3722379
14954660
18390317
101863355
16557232
18025466
12642874
4228744
16101840
1812195
11384084
14362364
4251438
3337158
18272862
18359242
16771414
4243811
4286317
1687813
101320874
3752620
10100421
11637525
10955970
101817599
14943929
10018399
104383722
10037968
13881827
103544513
11420064
12935810
16769876
2408232
2789236
103064773
10284413
13389109
4406772
102404876
10136940
102556753
10086399
100028115
11407355
101873472
103072962
3035283
10098558
13652759
926127
17046789
4596721
16318676
16615598
101186880
17072866
101834135
3758444
4360199
100362940
4149361
103977692
4211632
102464213
3210750
101940584
13576126
100942300
1611394
17840262
3678626
3069946
17625621
4422507
4653148
10431372
18034032
3753518
1268419
15802413
3999870
17383460
13976766
100945565
10192901
104123925
3094940
2504374
101522249
908851
16049919
10105982
102212882
3175271
10102718
10622468
11679788
3856204
2596777
14202957
3572829
16478660
2441827
11382338
12813074
101953895
17712182
3804120
12443032
2831789
2366848
100344811
14265266
15184334
10029025
102136562
100504241
12641156
2944258
16021075
101962126
1923474
11170238
17349010
14680017
1742360
16295066
101340324
16408524
2789147
14581035
102517895
13730839
4084274
3741566
14653387
2872047
18528563
102986980
3829108
2260081
104848400
104793869
104920555
1996898
103032921
104904673
14515762
12560524
4680932
16415827
2843729
3941714
104413141
1837329
11769796
2069218
12026459
101532630
13602910
14849619
11076450
102439481
102095890
3757702
3690146
16143608
4512703
3540109
2690516
11113939
101344835
138093
3578530
100545488
101439397
2770906
101238502
18522661
3629668
17830924
100899816
15536314
4215313
14523388
11571053
4290285
14911053
13444085
2941484
1825693
4043640
12452387
15992389
2932212
14923085
2302388
4631009
2841841
10164456
12711404
101359627
1788190
13963260
4068391
16178499
103703188
1475653
17085618
3445484
2039104
14599937
15366802
100578304
102230735
4772503
4471993
4332503
101605317
10096516
101879676
10102793
1844839
103331226
3757307
4423380
3185460
101919272
12384918
101547130
17063142
14029419
2058452
11862463
15527522
101915289
17223768
2776875
103299955
103859865
15205033
103910788
103034639
104144464
10416530
101781063
3006321
17729620
104722093
13774306
16356269
16700819
2443637
12327071
103692845
11140243
17100331
100088482
13361105
10072002
13448144
2832189
100005950
16332843
14363732
17426842
4234106
100035962
14939948
15089465
11145063
2636594
16008288
1358346
102214276
2075637
17052581
16550385
10485002
14429342
102305036
10948919
2334447
12495607
100313926
101853076
101375369
1680320
18396741
103441192
3932769
3702822
10235761
1585341
16440063
101546859
101368991
4570124
104379280
101509153
3723535
10635096
103513074
17121429
4365488
10720578
4153255
11694747
15910973
1595239
4171169
16371192
100634760
15105937
18542771
3208400
102130919
10117938
2683536
13985760
728470
3554890
1357525
10107266
3711444
4064279
3233069
101673335
2817660
102426688
15902855
16789917
2945420
2461546
2910461
12439044
104047904
4211124
3991184
100127276
1405825
2521991
14674771
13200520
14951020
18105917
100000054
4241818
3800491
18315666
100346605
104495860
16743275
18008560
101407541
16643976
100023140
102233905
17691266
18538747
3266142
100791944
14226043
3733436
12423403
3081385
14923326
14996731
13398203
14769888
101947186
3461804
2460318
2810571
102438170
10840952
100234814
103578347
14894984
102406171
4594987
15374411
2849622
15929017
14447478
10873282
12123347
101220304
100536703
14765483
104597687
15725064
4144248
1315388
102228158
14615390
2895430
14975048
103068806
2557161
102370510
14984151
2945349
2425459
14517989
16346023
100872479
2728696
3557928
2811515
4319511
101779058
12268999
10923431
2515543
11773375
102059793
3270750
10119856
14725284
18308334
14615465
18417975
4154310
101984795
17014034
103079586
14972106
2713835
17240724
15800004
14314521
18425185
776819
16838714
2961567
1547270
4351713
10111982
11084244
16226831
15924403
104417130
18223480
10191266
17408679
3050973
13056664
10483679
17755042
10376692
18382849
10528404
100803289
12117652
1431628
1398796
15047828
4331940
100618276
101630295
100985781
2331406
2636849
101453259
4788676
103317120
4128264
4669518
4166562
16155368
12550688
4197456
1524647
104329683
102099865
13472066
102198346
18259085
16663751
3286874
3058557
101583491
1739809
17069481
3422054
15260285
104115877
18242110
12807261
4587992
15865338
13842491
100020803
100141852
10426453
100690228
2020259
1476899
15781925
16388663
100176517
15100748
10165714
15670506
102072512
15691256
17880066
18113980
16444614
11804970
12567954
16171854
4650072
2456210
2907200
3093009
18486449
3498451
3426485
13620487
13957718
11456425
10130997
13675666
16472555
4673222
15451208
4232918
3072495
10492776
14116323
1510002
104112554
14465970
15615059
2537449
104743378
4096454
4494137
2521332
4140841
103590153
12181118
2611744
11796149
11570906
11657738
16630051
3810311
3402265
17881129
1813542
16434068
100701140
4154201
15900348
2902769
18283789
12561963
11805501
14363226
1861733
101909968
104074519
14290370
16708568
14575765
2143772
16018346
104725887
3773656
3401263
14905471
17485094
104396161
1997423
12359822
12301725
2065157
13861707
14183352
101467698
101016738
4042517
11969185
2718499
2167256
1353727
13633947
14535897
3443142
14102687
14545830
1488455
102467968
15756520
17021544
4436604
100574131
2537382
15097536
12298092
14133985
11558702
1611920
100224359
4376523
104424280
18450907
12528242
14821334
104419918
1372819
102947081
12193475
12122404
18301742
11656907
2465535
2143411
15685187
3618247
3574935
4192691
16886144
100677862
17571204
102400561
15364200
101362769
12880355
104150113
2616626
16494887
104252045
100569567
104187991
1596036
104359226
100102638
2861934
3905825
12933534
2807815
102663245
103967708
17063351
101850561
12401618
2146559
10450573
101302824
2642997
2395420
104619591
16432801
10085855
10234580
101358781
3285967
100945466
101308242
14395366
100399018
1862030
12609803
2458682
1645150
4134394
102413167
3851615
101746634
16689306
100690021
101733972
102207385
4252909
4360800
3034789
2387735
18351816
2823394
1818735
2475818
3966310
2169435
2280029
12511676
12611808
15227660
2602427
2855583
14693693
101839860
12344606
104437932
3446681
13695670
32164
12698099
101268754
16839819
17932527
4621992
3587350
10924541
15337603
1792204
104126056
101657872
13800893
101431452
2622174
101645360
16228534
101535439
102168876
104549733
3954948
104114309
2937291
102467185
11918645
17496409
14842873
100479875
17219690
12840296
104657221
2521711
12039271
4380845
16403110
17902175
104256180
13322955
100553718
103580605
16212922
12506401
17523434
100878681
15931969
16696230
10289609
10186225
11236879
12429576
4463885
16332869
103872867
102304737
3822024
104425074
3962422
3079872
3298690
3063047
4800801
15237994
2082071
100634233
102199533
15201756
101688485
16403162
17155226
17280779
101467524
104144455
12814563
102957066
12820048
14099944
3951496
2934785
3981104
101529829
2136110
14337204
14474471
13250412
4205871
15691417
18421495
101361033
3102863
11527578
103984172
1456310
101677558
100489275
2479941
14523085
101672103
16457447
3011115
13094341
104275060
10243974
3268716
4088272
4268432
100546674
15991730
16488484
2597348
2590067
2512268
16664253
4420827
18091725
100060294
100161708
101776794
14078056
18197093
17235861
101511210
16007648
101328195
102406815
4577271
102967836
104962800
790693
12105840
18400766
4240422
15008259
13888933
102463605
15056168
11248685
101199678
15936531
4625332
14804153
3247168
1279406
4571239
2607399
3844077
4371936
101895808
1318631
13701222
13397250
2870002
101629661
13223103
10291071
101556868
10970822
17110541
2785973
2641666
18057033
16814221
10399510
100581098
4695574
100613139
18318214
4335189
3125114
1739861
13280440
11917388
15427457
16591107
101378183
13192846
12569793
104361920
15553044
14859335
16658960
3684440
14555761
104776216
102376642
4435479
12707619
100510605
4385131
1340713
4526732
103290423
2490691
16961699
3565529
12250871
104307329
101751074
4478798
18001162
1442376
102168191
10057762
17239223
4746670
14172170
4627291
100698325
18367041
104709700
3254481
4483845
1588516
104961984
2225731
101277811
16704794
1089260
4204843
1064074
16829721
15484688
1353230
101767474
3463983
12869005
14575232
16740875
3081978
4676839
104006251
11748463
11645143
12217560
3331173
100687916
4447601
100420561
15687629
2524015
13163747
3179987
2836096
12484251
4133497
13436411
16913716
12949053
2563277
3527931
3483211
16381034
1826280
2520290
1312860
3521436
103635026
16404385
4132841
14817834
3855286
3869601
3613431
18334122
15441449
4239853
4636075
18314731
1539180
100137667
10290016
15697145
14361087
13269962
10583005
15904534
4753028
13736395
103433037
12274172
13931000
10289388
10057331
3601748
12629533
4159747
14115424
4702931
104659541
4349561
15005244
15969353
3876746
18041972
11130177
101540800
102143317
13054059
100696121
102235394
100466704
2786413
13115486
12811742
12676489
101409360
12208551
3564682
14224114
15938954
103086166
101939257
100562143
12434712
1709060
17557768
14863940
2379996
14767250
10905678
1577236
16753326
100784685
12069006
4498080
12181958
1573416
102144229
16316363
100442506
2349432
12965516
3413248
17876985
101950186
14494774
104733573
101776838
101231339
101844455
1517955
12387322
100371005
4659699
2313110
18126533
2439940
104890090
13241359
4408024
2885167
102225611
10142360
12773874
103148393
103113567
3175124
2501508
12953808
4399820
2692535
101418756
10148663
1846308
100507122
16895639
3813526
18277162
14900488
104924327
15628834
103727883
4200367
1861392
3665054
16380129
3032974
13713001
15440251
15026801
16478482
12455844
12010619
17709388
102629950
104265810
3892827
16997462
4562534
102426349
102564524
11801837
4586861
4767080
3009854
14327058
17380196
102667232
4109931
13082180
10019226
4065273
16640000
4448638
12483673
17861964
3049787
104952863
2575923
15643613
3048117
4349029
4282314
12737518
100912336
11551145
17258037
102458465
104226503
104427540
104423752
17049555
103742703
103754601
3115051
17629940
3542912
3453924
17908002
15678012
3072366
3641389
101698560
3180027
14039825
104156251
16386523
16034957
100450048
14648886
4303363
101492725
101607919
14154030
1092345
3852739
11067057
15653062
16001786
11894414
17388781
11102763
17049880
3150355
104589069
102411066
18126032
1932635
1082556
16532612
2808344
1993632
101815065
104715874
11755011
4162959
12120061
1997120
16988689
13908291
104717044
2532326
10319982
103085024
101757115
1497128
2613902
10071800
4077813
101382332
15898308
11736114
2648416
12760357
102959298
16300334
2612790
17711827
12337940
104534806
3972190
4247771
3222809
102017141
4385030
10143380
18309355
11707928
16098555
2346852
104723588
1404994
4773741
100751674
3062262
100435897
1843100
104726553
2822285
14078731
17907956
102124633
100508444
12431304
16359890
18392405
17908007
101868946
101343156
102454025
13098675
3487407
2460055
17801582
17671602
12248591
100520245
4334706
4333153
10084270
3074787
101723961
16044956
4200620
4002464
12175972
3986769
3257267
13489359
12244379
100036067
102508127
13530553
701294
11477258
1935392
15040790
18025759
104891973
12235732
11741475
101310751
18531276
2142325
16125311
3481830
10480738
4452812
100053221
104616791
13902781
12691012
3786343
13236913
2735188
1264535
3667783
16498253
15015859
1330048
10485981
4734747
3697619
17974885
102723549
100429960
4783047
3629501
77563
3425795
12168080
2096460
4036716
4254322
16001215
2733133
102300673
4740293
13946951
18270010
101496766
1996869
103018652
3052016
101905437
15488973
3614600
103568761
3979409
4604572
10137763
11065203
4192173
103495483
100796168
101432220
80683
100884565
4464643
100040203
18175049
3384212
4800376
104523546
10127231
4399621
2394257
14998057
11697684
10941688
17271048
18454952
104316813
10801728
103009236
3699514
10230616
16066299
101784415
12926460
12790704
16861859
102173891
11478695
10032058
103015363
16029408
11577802
4484045
104716434
12167909
104740398
4360940
104047995
17771134
15095364
16984713
16276175
13412259
101721099
17570641
101383482
4737314
11881571
3748098
4010449
10048070
10625501
2739073
13324168
4047631
13792776
10696239
104378440
16537482
3804732
100506622
13140556
2617055
10686632
101562184
3906261
13141277
14793870
102912599
104961974
10091474
104314399
1502484
13565532
16077227
3007700
12981627
18298543
10061685
16237737
2466940
101688380
1653372
2568451
18280532
1784782
12059801
1576135
18422985
17581773
16338282
12640966
4068118
4690744
18399415
100069738
11547449
104441497
3063188
4438003
1431079
100582469
10548170
14116075
100858512
18247935
100489822
14632283
16381406
10154592
1923765
4581933
100766042
13484758
16888214
13675242
16499702
13004501
17638745
102809360
100479976
13724274
4249150
3928588
13779422
12356276
4099634
13872508
865423
2934372
104131697
3258086
2605300
18039867
12127597
4556540
3012291
10925960
13092235
16778440
1520340
404871
2897651
17361147
12135935
12076378
17005860
13687688
101226438
3072084
17575831
101187268
104738365
103510118
18309950
3259886
12779755
104480794
1003112
10158587
101790777
101840578
17421756
3782679
14053055
16094431
102558655
101219974
11980753
2925557
2485567
18321260
2513585
2660437
1338763
13444824
103928031
3993812
1186648
14968605
2325408
3392555
2563293
3671315
102241453
103444487
14428192
103440114
2775326
100444723
16518572
2418684
13521879
4234659
2071003
4707699
18048476
3691500
17603382
101438727
13704812
4807177
13571617
103526823
104854930
3539663
15962483
14862790
18070194
2659203
11863808
4582407
100136157
2409604
15263450
4591989
15283175
1148733
12688245
15333254
1336870
16275921
4159581
918200
4678142
100434670
14069807
16274179
3704876
4239881
4765351
100351294
1702757
100297763
101965041
14386255
4801159
101482056
101876427
102007967
12834364
16578416
11884993
16394053
101462270
12682836
2361231
101284601
103740699
14453227
13160670
101927090
17620511
3526897
100042461
4438204
101596332
10544276
16750679
102342970
12983188
2007176
102025806
13872291
1986220
3360754
3050779
10235789
2736988
15920607
14791317
1493984
15534680
4538397
1388274
11071608
103044224
11681922
2059933
4139427
3060974
4472506
13984824
14976094
15119559
3002005
100119623
3445479
15275475
18409261
17248721
103206084
2580213
4100535
2125931
2612240
100200023
4322320
3692278
13394734
13949294
104114385
3099841
4458431
100040480
13769021
15389497
2403234
10845169
14025866
14577480
12256184
15456983
3186828
3888099
10104641
12917001
100626449
104544263
3268658
12616971
18049069
3335163
101638734
2650416
101417650
101553418
4811702
14435585
13952083
13329479
101417580
10586758
4421685
14621855
4327315
11267937
104063420
11621714
3805800
10806154
4699314
101315217
18275605
3667799
104615459
4121749
100690112
17727728
10062798
104743623
101455497
3735301
100044862
101733405
16559146
1500688
10188840
4137992
3630073
17929652
102035787
17242925
4648595
17335799
100010841
17062099
104550242
12349765
2862709
11188734
14836208
3524031
3496222
101219107
16795547
4040413
16544705
4318055
14089392
16410657
10147755
100145561
101325793
101492507
1964321
13084816
3178420
104854493
2688094
13927121
101414106
11750728
101955962
101475187
3481676
102217262
17922540
11130418
1575052
16994169
15442711
100069528
100450308
77312
1553911
4186040
4497472
1897396
3705286
1128992
101911370
14711946
18134601
101895108
11529922
1358546
18425472
101016743
104624257
12912404
4796966
13374525
12391707
12438708
101726989
15933911
15074874
11706037
4038602
4391146
1094761
4366552
989755
2802788
12724978
104468511
100626282
4438994
15629631
10055587
15633585
10010067
10919515
102410728
14000247
12567950
16524575
12058950
2768366
4332161
16137843
13718431
12797516
12139103
101525024
10080220
1352229
13064244
3915100
3232736
18473297
3168540
104843012
101666591
15077198
101914573
14398681
3610400
2055451
14420481
3365029
101892711
103027549
101252017
10383603
2813727
4378739
101410575
4264930
101219231
3507968
14629303
4158907
11723777
102295629
17374149
100880885
13703998
2707980
15501700
16005031
13149992
13117658
4438685
3596416
14879614
2702828
103863597
101116825
103247565
3673392
4592708
2230685
4118114
18089457
17783798
101245085
100012410
12297654
104932640
16256839
4416849
11615142
15407506
11620034
4371172
101347095
101467665
2836106
12379729
3855133
103176368
17669110
12992447
100152205
101796781
17666303
3004814
13316515
10023488
2574541
10028250
101777529
930906
12911588
3238448
2593451
12031469
10691074
16626598
10035136
2920900
101966747
3638105
16865054
101942583
4322691
17408228
17082444
1851002
11488015
1758133
100154339
2719932
1176091
100365741
12368968
2945802
101243774
16421913
1311953
16004990
16534119
3092857
1748305
14468631
3754707
17790306
103059631
13236958
103682509
104262780
102191890
11888399
1678506
3242728
100755152
101576562
101415568
1531321
101889786
1455640
103145474
1349649
1908102
11398584
15955794
17971937
4199835
17902797
100542674
1347038
16381282
18396276
4758353
17666925
102526602
